PI: 3.141592653228088
Erro: 0.000000000115134