PI: 3.141592764701
Erro: 0.000000035367770