PI: 3.141592653588973
Erro: 0.000000000000261