PI: 3.141593653589
Erro: 0.000000318309564