PI: 3.141592653572881
Erro: 0.000000000005383
